5429524
3519595
2264823
1237656
1062643
989567
711925
705103
693645
470015
383437
335696
316701
308875
287069
245181
229246
214631
178427
151957
145614
139565
132397
121279
117660
117304
114203
108620
104222
101715
99718
98179
93952
93729
92004
88054
87572
84685
82094
78026
77146
73161
72125
71164
68601
67666
66573
66313
65510
62935
62388
62320
61082
59691
59405
58341
50845
50396
50032
48324
48073
45723
45508
45018
44739
44735
43550
42123
41813
40404
39371
39048
38211
36942
36135
36088
35138
35102
33617
33261
32991
32724
32634
31400
31128
31053
30734
29862
29556
29331
28833
26921
26757
26378
25541
25289
24445
24353
23992
23895
23574
23504
23278
22954
22218
22193
22032
21854
21732
21588
21419
21406
20830
20767
20713
20712
20575
20102
19897
19547
19472
19259
19031
18884
18809
18665
18520
17973
17808
17587
17556
17451
17396
17396
16685
16271
16174
16041
16022
15940
15906
15594
15557
15037
14942
14753
14621
14436
14401
14311
13922
13910
13865
13814
13701
13663
13595
13592
13567
13420
12949
12878
12875
12823
12710
12643
12640
12587
12587
12486
12442
12384
12310
12302
12088
12086
12064
12046
12007
11936
11834
11832
11809
11764
11733
11715
11574
11549
11388
11329
11258
11108
11083
10961
10865
10787
10767
10716
10687
10679
10664
10643
10637
10508
10498
10426
10220
10161
10098
10082
10005
9848
9839