18394912
16349831
14057991
8653521
8520435
7677018
6357693
5057709
4591246
3046163
2920496
2902920
2497870
2375820
2170295
2136916
2119724
2049156
2028399
1886100
1861269
1822221
1760285
1728128
1699060
1679754
1640986
1618879
1561809
1476931
1465625
1432280
1420902
1414050
1390640
1339438
1268848
1264202
1243414
1222390
1212395
1196214
1193167
1183549
1138300
1123558
1120374
1117740
1110668
1064222
1026459
1022518
1001694
990900
985752
963173
962334
951558
943788
917414
911223
902112
887871
885363
874412
753438
735681
706124
705579
705478
694889
670073
663188
657314
657209
647057
644406
637272
623841
610350
605882
604214
600943
580990
576642
564319
561837
558548
552239
551101
550439
547638
543147
521891
515215
513961
497826
495543
484690
484327
476873
475987
474531
461900
460228
456706
455722
453946
446246
444524
443028
434971
427967
425817
418739
412209
411628
410445
400004
396590
383353
382940
379845
375559
374292
370208
365253
359483
357302
356598
354759
349258
347852
346639
344893
341422
340613
327427
325499
322650
320379
319462
313681
312669
311152
310796
308011
307170
307024
304487
302143
302140
299782
299683
297447
297268
293533
293416
293025
292512
291374
291067
290345
289550
288095
285788
285577
282977
282791
278745
273998
266271
264330
262983
262255
261430
256838
256624
253606
252838
252308
252008
251859
250834
249914
249015
247992
246920
244497
240991
240838
239909
239019
238422
237970
235654
234945
234704
234499
234191
234073
233426
232095
230075
229528
229168
229136
225071
224849
223647
221883
221715
220813
220257
217786
217203
216020
213714
213303
211424
211355
210886
210258
208344
206167
205418
203774
203123
200827
200738
200564
200482
199690
198471
197585
197029
196057
195373
195153
195071
193193
192856
191316
190753
190575
190041
188236
188115
186223
185797
185555
184625
183075
182534
182010
181851
180935
180362
180180
180020
179977
179150
177751
177658
176170
175647
175479
173636
173008
172612
171640
170767
170060
169892
169264
169002
168653
167592
167155
165401
165294
165085
164937
164816
163630
163552
163397
163114
162471
162436
162230
160909
160509
160473
159838
159285
158621
156540
156263
155951
155518
155152
154886
154554
154326
154296
153889
153595
152091
151677
151152
151102
150958
150019