2873494
1351562
970185
886837
673735
583601
388367
382258
324198
313396
261905
257353
236962
209829
204234
199561
196670
194417
192469
184727
182551
171491
166676
159057
158916
154083
151726
148908
134850
132009
127533
126151
123839
122955
122031
120420
120287
117946
117417
112198
111455
106951
104284
102355
100696
100331
99469
99341
96589
94989
94813
94673
93839
93678
90488
90240
90205
89141
88397
87820
85762
84326
83950
83340
83232
82143
81822
81528
80694
78887
77319
76164
76126
75659
75458
73934
73500
72612
71924
71060
70914
70891
70595
69951
69605
69226
68528
67563
67488
67168
66164
64558
63906
63505
63455
63268
63153
62737
62343
61057
60852
60351
60259
59968
59945
59871
59830
59623
59605
58836
58517
57530
57164
57100
56603
56124
56076
55390
55373
55354
55012
54824
54775
54561
54522
54311
54152
53772
53450
53434
53365
53231
53145
53040
52816
52574
51625
51604
51330
51139
50883
50833
50767
50515
49674
49657
49650
49634
49589
49418
49320
49308
49203
49060
49030
49029
48798
48442
48313
48131
48048
48034
47751
47552
47485
47420
46878
46590
46552
46542
46131
46120
45952
45410
45371
45361
45233
45212
44962
44706
44616
44019
43797
43770
43395
42627
42509
42417
42251
42209
42154
42031
41883
41654
41487
41283
41174
41069
40813
40813
40713
40426
40318
40146
40047
39889
39843
39792
39749
39740
39736
39482
39427
39351
39219
39187
39093
38627
38614
38533
38501
38493
38443
38318
38145
38035
37944
37836
37790
37759
37407
37396
37045
36923
36900
36742
36724
36571
36469
36466
36460
36091
35970
35894
35876
35766
35705
35582
35475
35316
35251
35234
35100
34999
34965
34920
34918
34891
34742
34560
34516
34432
34410
34361
34327
34246
34041
34034
34023
33867
33852
33742
33660
33447
33369
33185
32989
32917
32856
32607
32565
32527
32416
32396
32368
32333
32114
32059
31939
31847
31691
31670
31576
31511
31511
31480
31473
31453
31360
31324
31226
31212
31197
31192
31148
30827
30716
30209
30091
30076
30046
29778
29743
29671
29604
29283
29267
29131
29063
29008
28903
28884
28856
28794
28564
28551
28379
28343
28320
28186
28120
28081
27991
27928
27918
27874
27851
27843
27747
27747
27667
27605
27586
27440
27429
27306
27277
27247
27245
27226
27196
27156
27105
27056
26988
26985
26944
26921
26826
26783
26778
26724
26404
26331
26314
26297
26285
26270
26267
26165
26144
26144
26080
26062
26057
25869
25863
25781
25766
25754
25694
25663
25615
25610
25602
25569
25554
25520
25466
25457
25449
25383
25265
25240
25205
25196
25116
24876
24762
24561
24454
24399
24280
24260
24258
24178
24144
24074
24040
24002
23980
23894
23887
23845
23761
23760
23755
23661
23647
23573
23526
23515
23494
23490
23474
23420
23403
23387
23348
23276
23275
23274
23270
23266
23122
22962
22946
22865
22853
22835
22726
22716
22672
22572
22547
22511
22510
22477
22369
22337
22331
22279
22269
22263
22180
22160
22104
22009
21933
21805
21784
21782
21776
21716
21688
21641
21641
21632
21607
21561
21550
21527
21521
21512
21487
21480
21471
21443
21411
21363
21349
21348
21322
21258
21241
21211
21131
21002
20944
20892
20875
20760
20678
20674
20646
20623
20613
20607
20525
20499
20468
20458
20450
20412
20400
20399
20396
20359
20319
20312
20212
20176
20157
20074
20063
20062
20055
20055
20052
20027
20010
20002
19978
19970
19965
19930
19924
19853
19850
19846
19831
19762
19745
19740
19734
19695
19628
19604
19543
19537
19536
19531
19505
19401
19354
19302
19248
19238
19235
19215
19211
19180
19132
19118
19116
19074
19055
19054
18935
18911
18882
18875
18856
18839
18838
18828
18813
18793
18768
18762
18737
18679
18674
18617
18610
18610
18518
18518
18512
18441
18388
18366
18355
18306
18261
18230
18211
18204
18117
18052
18015
18014
17984
17980
17953
17941
17940
17884
17872
17860
17823
17822
17808
17780
17768
17749
17718
17715
17713
17703
17668
17639
17630
17621
17616
17588
17560
17537
17532
17492
17450
17417
17416
17400
17364
17270
17228
17227
17208
17190
17144
17139
17133
17125
17105
17095
17073
17038
17038
17034
17034
17004
16968
16960
16916
16908
16886
16885
16865
16858
16768
16744
16705
16686
16660
16639
16623
16609
16607
16601
16499
16487
16485
16483
16478
16461
16428
16418
16383
16356
16347
16340
16307
16283
16239
16230
16230
16199
16159
16150
16144
16139
16118
16117
16109
16083
16066
16045
16035
16031
16021
15962
15907
15905
15902
15888
15882
15874
15836
15744
15708
15700
15681
15667
15653
15649
15613
15608
15597
15584
15557
15530
15507
15489
15469
15463
15461
15459
15434
15433
15426
15423
15376
15355
15308
15306
15293
15285
15271
15267
15257
15250
15242
15224
15218
15208
15191
15167
15148
15135
15100
15073
15054
15034
15018
15016
15016
14981
14953
14942
14938
14930
14915
14900
14882
14857
14855
14847
14844
14844
14829
14828
14807
14800
14792
14776
14776
14755
14755
14746
14735
14726
14715
14664
14655
14638
14635
14610
14603
14594
14564
14559
14471
14467
14460
14458
14444
14440
14438
14407
14405
14397
14374
14371
14345
14310
14286
14278
14238
14236
14236
14235
14223
14214
14203
14177
14156
14141
14132
14125
14114
14100
14100
14060
14049
14040
14033
14031
14021
14009
14009
14008
13973
13971
13946
13936
13930
13904
13898
13894
13887
13867
13853
13850
13819
13819
13783
13770
13770
13770
13765
13762
13725
13721
13684
13670
13661
13661
13652
13639
13613
13613
13605
13598
13567
13543
13539
13538
13525
13511
13511
13509
13469
13469
13468
13454
13438
13350
13347
13347
13335
13305
13296
13292
13287
13284
13271
13239
13228
13218
13212
13210
13205
13200
13185
13184
13184
13174
13167
13164
13124
13118
13078
13074
13067
13063
13056
13046
13038
13026
13010
12995
12973
12964
12957
12927
12925
12919
12915
12898
12891
12863
12851
12847
12840
12840
12835
12826
12812
12810
12804
12790
12753
12744
12737
12727
12714
12692
12677
12657
12644
12637
12630
12603
12602
12589
12571
12570
12566
12554
12534
12534
12531
12523
12485
12480
12476
12467
12454
12445
12438
12431
12430
12427
12423
12419
12419
12409
12359
12340
12337
12335
12326
12322
12319
12308
12292
12288
12288
12281
12279
12249
12241
12232
12221
12209
12201
12198
12197
12166
12150
12133
12116
12113
12102
12099
12098
12094
12093
12060
12056
12046
12046
12038
12023
12013
12012
12004
11999
11993
11986
11980
11972
11958
11955
11939
11935
11929
11911
11909
11898
11892
11888
11873
11858
11855
11855
11852
11844
11839
11837
11804
11802
11780
11776
11758
11756
11744
11741
11701
11685
11666
11665
11658
11658
11641
11622
11619
11616
11612
11609
11600
11592
11584
11578
11572
11551
11537
11528
11484
11482
11478
11476
11461
11453
11443
11443
11431
11425
11386
11383
11378
11370
11350
11340
11336
11318
11299
11287
11274
11261
11260
11253
11252
11249
11248
11244
11238
11234
11206
11204
11203
11198
11195
11184
11182
11175
11167
11158
11133
11121
11115
11115
11059
11050
11012
10998
10997
10996
10994
10993
10991
10985
10982
10956
10956
10953
10952
10952
10950
10947
10941
10929
10922
10920
10917
10909
10908
10901
10899
10860
10859
10846
10840
10831
10821
10810
10802
10798
10788
10766
10765
10758
10735
10732
10729
10720
10711
10703
10688
10659
10655
10638
10637
10635
10634
10622
10594
10582
10578
10575
10570
10565
10541
10537
10529
10529
10524
10508
10496
10481
10478
10475
10465
10465
10454
10451
10442
10430
10411
10410
10409
10406
10396
10389
10372
10369
10365
10356
10338
10316
10313
10291
10289
10278
10276
10272
10261
10259
10256
10246
10237
10232
10217
10216
10211
10174
10171
10170
10161
10160
10152
10150
10150
10146
10141
10132
10120
10120
10118
10112
10096
10093
10072
10064
10063
10059
10051
10039
10036
10025
10024
10016
10013
9999
9999
9996
9976
9976
9975
9972
9964
9962
9961
9959
9959
9952
9947
9940
9934
9930
9914
9892
9890
9884
9881
9874
9870
9870
9869
9860
9846
9844
9842
9820
9806
9802
9789
9788
9783
9767
9761
9760
9751
9746
9739
9696
9692
9659
9634
9620
9606
9594
9592
9585
9578
9576
9562
9560
9560
9558
9546
9528
9517
9505
9499
9490
9487
9477
9473
9470
9464
9458
9457
9436
9405
9391
9389
9385
9384
9374
9368
9361
9354
9353
9353
9346
9334
9333
9331
9310
9309
9309
9298
9298
9286
9264
9261
9258
9254
9253
9248
9227
9225
9220
9219
9218
9205
9195
9195
9193
9192
9175
9175
9173
9172
9172
9171
9166
9165
9152
9151
9146
9141
9132
9131
9131
9121
9120
9114
9102
9099
9096
9093
9091
9078
9073
9073
9071
9068
9067
9066
9063
9053
9052
9049
9047
9044
9042
9036
9032
9031
9021
9015
9010
9008
9007
8992
8987
8986
8985
8975
8972
8972
8971
8964
8948
8943
8939
8935
8916
8907
8901
8897
8897
8896
8881
8875
8872
8868
8856
8844
8843
8842
8837
8829
8824
8821
8816
8810
8785
8783
8772
8768
8765
8761
8750
8745
8743
8737
8735
8730
8729
8727
8707
8706
8700
8695
8681
8672
8666
8664
8661
8661
8659
8657
8653
8652
8640
8635
8631
8631
8629
8625
8619
8617
8614
8613
8611
8611
8609
8608
8605
8604
8603
8602
8597
8589
8579
8564
8563
8559
8558
8549
8548
8535
8521
8519
8509
8506
8502
8493
8493
8488
8484
8475
8471
8461
8448
8439
8432
8431
8426
8425
8425
8415
8410
8401
8394
8381
8380
8379
8372
8370
8369
8365
8361
8361
8347
8347
8345
8343
8342
8340
8338
8331
8311
8301
8301
8301
8288
8287
8285
8280
8266
8251
8250
8250
8233
8226
8223
8222
8222
8219
8217
8196
8183
8178
8161
8159
8155
8142
8133
8129
8129
8121
8110
8106
8105
8102
8101
8099
8096
8094
8093
8087
8078
8076
8052
8052
8047
8046
8043
8036
8018
8017
8010
8009
8004
8002
7995
7987
7976
7969
7957
7945
7938
7936
7926
7926
7919
7919
7915
7897
7895
7893
7890
7877
7874
7870
7867
7866
7863
7856
7850
7847
7846
7842
7842
7841
7838
7836
7836
7831
7830
7826
7819
7819
7816
7815
7814
7813
7806
7806
7803
7791
7786
7780
7776
7774
7772
7767
7750
7744
7735
7727
7725
7719
7718
7717
7717
7711
7705
7703
7697
7681
7665
7665
7658
7647
7640
7637
7630
7630
7629
7628
7627
7625
7619
7614
7609
7609
7609
7605
7604
7597
7590
7585
7583
7582
7579
7566
7564
7553
7550
7546
7533
7531
7527
7521
7511
7502
7496
7494
7492
7487
7485
7440
7437
7434
7432
7422
7416
7415
7414
7410
7409
7403
7399
7396
7394
7391
7390
7376
7367
7363
7360
7358
7356
7352
7352
7347
7337
7336
7334
7330
7326
7323
7319
7316
7306
7302
7291
7287
7287
7287
7285
7284
7284
7278
7268
7266
7264
7262
7257
7255
7251
7251
7233
7230
7221
7217
7216
7212
7206
7205
7201
7199
7195
7193
7193
7190
7180
7177
7176
7173
7164
7152
7152
7148
7147
7146
7144
7140
7139
7135
7125
7120
7116
7110
7109
7106
7104
7099
7098
7094
7090
7086
7084
7081
7078
7071
7069
7068
7059
7058
7058
7055
7053
7052
7049
7048
7044
7042
7038
7035
7029
7027
7025
7022
7020
7020
7014
7014
7013
7013
7011
7010
7009
7009
7007
7005
7003
7003
6996
6992
6991
6990
6982
6977
6975
6974
6970
6969
6966
6966
6963
6962
6956
6955
6953
6951
6927
6926
6926
6923
6923
6920
6919
6919
6917
6917
6916
6910
6906
6902
6892
6875
6872
6872
6865
6861
6860
6856
6852
6843
6842
6841
6838
6833
6829
6827
6818
6818
6815
6814
6812
6807
6804
6794
6792
6789
6786
6781
6780
6773
6771
6766
6761
6753
6750
6750
6744
6740
6736
6730
6730
6719
6719
6711
6708
6706
6704
6700
6700
6698
6697
6690
6689
6681
6674
6669
6667
6657
6655
6653
6653
6650
6646
6646
6644
6639
6637
6634
6632
6628
6621
6617
6616
6606
6602
6599
6588
6584
6580
6579
6577
6572
6562
6552
6551
6551
6548
6540
6537
6536
6526
6524
6523
6519
6518
6504
6501
6499
6487
6481
6478
6475
6473
6472
6472
6468
6465
6463
6460
6458
6455
6445
6435
6429
6424
6423
6420
6419
6415
6414
6407
6404
6403
6403
6396
6388
6386
6386
6379
6379
6370
6366
6362
6360
6355
6354
6353
6352
6346
6344
6344
6343
6341
6336
6335
6334
6333
6329
6326
6319
6318
6313
6312
6308
6304
6300
6298
6297
6290
6289
6270
6270
6264
6264
6262
6255
6254
6251
6250
6249
6246
6244
6237
6227
6225
6219
6214
6213
6212
6211
6207
6204
6199
6196
6192
6183
6183
6180
6172
6170
6166
6164
6162
6161
6155
6154
6145
6145
6142
6139
6134
6134
6133
6132
6130
6129
6129
6127
6121
6113
6112
6108
6106
6093
6092
6089
6088
6086
6079
6068
6067
6066
6065
6062
6058
6057
6055
6054
6054
6053
6048
6047
6045
6044
6043
6041
6037
6037
6036
6030
6025
6020
6014
6008
6008
6000
5998
5997
5991
5991
5987
5984
5981
5972
5972
5968
5963
5958
5957
5952
5946
5944
5934
5933
5932
5927
5926
5910
5905
5905
5899
5894
5876
5867
5867
5865
5861
5852
5842
5837
5837
5817
5813
5811
5809
5808
5805
5801
5789
5787
5782
5782
5781
5780
5779
5779
5778
5777
5777
5777
5776
5775
5770
5768
5768
5766
5764
5762
5755
5753
5748
5748
5743
5742
5739
5736
5731
5725
5722
5722
5721
5716
5715
5711
5710
5702
5700
5697
5696
5695
5695
5695
5690
5689
5683
5683
5683
5678
5668
5667
5665
5664
5660
5652
5640
5639
5633
5631
5629
5626
5623
5622
5621
5619
5619
5616
5614
5614
5608
5602
5602
5596
5592
5588
5588
5587
5584
5583
5574
5570
5565
5563
5561
5558
5550
5549
5549
5545
5544
5543
5541
5537
5530
5526
5524
5500
5500
5498
5493
5490
5487
5484
5479
5467
5462
5459
5452
5450
5449
5449
5444
5442
5439
5431
5430
5422
5418
5416
5415
5411
5401
5400
5395
5391
5391
5390
5389
5383
5381
5381
5379
5378
5374
5372
5366
5363
5361
5360
5359
5358
5357
5357
5356
5353
5353
5352
5350
5342
5342
5335
5335
5330
5327
5326
5323
5322
5317
5316
5315
5315
5312
5309
5308
5307
5303
5301
5299
5296
5294
5293
5292
5292
5288
5283
5283
5282
5281
5279
5278
5272
5271
5270
5267
5266
5263
5262
5258
5258
5258
5257
5257
5256
5256
5254
5253
5251
5251
5247
5240
5239
5235
5233
5230
5228
5228
5225
5222
5221
5214
5213
5213
5213
5211
5211
5211
5204
5200
5200
5193
5189
5188
5185
5180
5177
5177
5171
5168
5166
5165
5162
5158
5155
5154
5151
5150
5145
5143
5139
5138
5137
5135
5131
5130
5122
5121
5120
5119
5117
5115
5112
5108
5108
5105
5104
5093
5088
5088
5084
5079
5079
5077
5076
5075
5075
5074
5068
5068
5064
5057
5056
5051
5049
5046
5045
5044
5042
5042
5041
5036
5032
5029
5027
5022
5021
5019
5019
5019
5018
5017
5014
5008
5003
5000
5000
5000
4999
4989
4989
4983
4981
4978
4976
4972
4969
4966
4965
4964
4963
4961
4959
4958
4958
4957
4955
4954
4954
4953
4951
4948
4940
4940
4939
4938
4937
4932
4922
4920
4916
4912
4910
4910
4909
4908
4904
4903
4902
4901
4899
4898
4896
4888
4888
4887
4885
4883
4881
4879
4878
4875
4874
4867
4866
4862
4861
4860
4856
4856
4852
4852
4850
4847
4847
4846
4846
4842
4837
4837
4836
4836
4832
4832
4831
4830
4829
4828
4824
4821
4816
4805
4804
4803
4798
4796
4793
4791
4790
4788
4785
4785
4780
4777
4772
4771
4769
4763
4761
4761
4760
4759
4758
4758
4757
4756
4755
4754
4753
4752
4751
4751
4749
4747
4745
4742
4742
4742
4735
4734
4732
4732
4726
4723
4721
4720
4719
4718
4715
4709
4708
4707
4705
4702
4701
4700
4694
4691
4691
4691
4688
4686
4686
4685
4684
4683
4679
4679
4678
4678
4675
4673
4669
4669
4668
4667
4665
4660
4653
4651
4649
4647
4646
4644
4641
4641
4638
4637
4637
4637
4630
4630
4628
4626
4623
4620
4620
4620
4617
4617
4607
4605
4603
4603
4601
4596
4591
4590
4588
4586
4584
4581
4579
4578
4574
4568
4567
4564
4562
4562
4560
4551
4551
4549
4549
4546
4546
4545
4543
4543
4542
4540
4537
4536
4534
4533
4531
4530
4528
4523
4522
4522
4522
4521
4519
4515
4513
4511
4505
4504
4504
4503
4503
4502
4502
4497
4493
4491
4491
4487
4485
4484
4482
4479
4479
4477
4475
4473
4473
4472
4469
4466
4465
4456
4449
4448
4447
4443
4438
4434
4434
4434
4433
4427
4424
4423
4420
4419
4417
4415
4413
4409
4406
4401
4400
4394
4387
4385
4379
4378
4376
4375
4373
4373
4369
4368
4368
4367
4365
4364
4363
4361
4359
4356
4354
4350
4347
4340
4335
4332
4332
4331
4329
4328
4327
4320
4318
4315
4314
4309
4308
4305
4305
4303
4302
4301
4299
4295
4294
4292
4291
4288
4286
4285
4284
4282
4276
4273
4270
4268
4261
4258
4257
4256
4250
4249
4248
4247
4247
4246
4243
4242
4228
4228
4225
4223
4223
4216
4214
4213
4209
4207
4206
4204
4203
4203
4200
4199
4197
4196
4194
4190
4181
4177
4176
4172
4170
4169
4166
4165
4163
4161
4159
4159
4159
4159
4158
4157
4155
4155
4155
4154
4152
4151
4144
4141
4139
4138
4137
4133
4129
4128
4128
4128
4126
4124
4123
4123
4122
4121
4117
4117
4116
4116
4113
4113
4113
4112
4112
4111
4110
4105
4105
4105
4099
4098
4096
4092
4091
4088
4086
4086
4085
4085
4083
4081
4079
4077
4072
4070
4067
4065
4065
4062
4061
4055
4055
4052
4052
4048
4046
4046
4045
4040
4040
4035
4035
4033
4032
4031
4030
4026
4025
4025
4024
4015
4011
4011
4005
4001
3997
3995
3995
3994
3993
3992
3988
3988
3986
3983
3981
3975
3971
3963
3962
3962
3962
3961
3959
3958
3956
3954
3951
3949
3949
3948
3948
3944
3944
3943
3942
3942
3942
3941
3940
3937
3936
3936
3931
3929
3923
3923
3922
3920
3917
3916
3915
3910
3909
3907
3906
3906
3904
3895
3895
3894
3892
3891
3887
3886
3886
3886
3882
3881
3880
3880
3879
3878
3878
3876
3872
3872
3870
3869
3868
3864
3861
3860
3858
3858
3857
3854
3853
3853
3853
3849
3847
3842
3841
3839
3839
3834
3833
3829
3827
3826
3824
3822
3822
3822
3821
3821
3820
3817
3816
3816
3814
3811
3807
3807
3806
3806
3805
3805
3803
3801
3799
3797
3796
3796
3796
3795
3795
3795
3793
3792
3790
3788
3786
3784
3783
3782
3782
3780
3780
3779
3779
3778
3777
3777
3775
3773
3772
3772
3772
3769
3767
3767
3765
3765
3762
3761
3760
3757
3756
3756
3756
3756
3752
3752
3747
3742
3742
3740
3740
3738
3737
3736
3736
3735
3733
3731
3730
3729
3722
3721
3720
3720
3718
3715
3711
3707
3704
3703
3699
3699
3697
3695
3691
3689
3689
3689
3686
3683
3681
3679
3677
3675
3674
3670
3669
3668
3667
3665
3665
3664
3663
3663
3658
3655
3653
3652
3650
3649
3647
3647
3645
3642
3641
3641
3637
3636
3635
3631
3627
3625
3625
3624
3623
3623
3618
3615
3615
3612
3611
3611
3608
3605
3603
3602
3599
3598
3597
3595
3594
3593
3592
3591
3590
3588
3584
3581
3580
3577
3574
3574
3573
3572
3571
3569
3568
3566
3566
3562
3555
3554
3552
3551
3546
3545
3545
3545
3539
3538
3537
3528
3528
3525
3524
3518
3518
3516
3514
3512
3512
3511
3506
3505
3504
3501
3496
3496
3495
3493
3490
3489
3488
3487
3486
3483
3483
3479
3477
3477
3476
3476
3474
3470
3467
3466
3465
3465
3462
3461
3461
3460
3456
3455
3452
3452
3448
3447
3446
3442
3441
3441
3441
3440
3435
3434
3434
3432
3432
3430
3429
3429
3429
3428
3425
3422
3422
3422
3419
3418
3416
3414
3413
3411
3409
3407
3407
3406
3406
3405
3404
3398
3398
3396
3395
3395
3394
3389
3388
3387
3387
3384
3383
3383
3382
3381
3376
3374
3374
3372
3371
3371
3370
3367
3365
3364
3361
3360
3357
3357
3356
3356
3355
3353
3352
3350
3350
3348
3346
3346
3346
3345
3343
3342
3341
3340
3340
3340
3339
3339
3339
3339
3336
3334
3334
3326
3326
3325
3324
3322
3321
3319
3319
3317
3317
3316
3315
3314
3312
3311
3309
3309
3308
3307
3306
3303
3303
3299
3296
3296
3294
3292
3292
3285
3285
3282
3281
3275
3275
3273
3271
3270
3263
3263
3262
3261
3260
3259
3256
3256
3255
3255
3253
3251
3250
3248
3247
3247
3247
3246
3243
3242
3240
3240
3239
3237
3237
3237
3236
3235
3234
3233
3231
3221
3219
3217
3215
3214
3213
3212
3210
3209
3209
3207
3203
3203
3202
3199
3191
3191
3191
3189
3189
3188
3187
3186
3185
3185
3184
3182
3182
3181
3181
3180
3179
3178
3177
3173
3173
3172
3171
3167
3166
3165
3165
3164
3163
3163
3162
3160
3160
3160
3158
3157
3157
3156
3156
3153
3150
3150
3149
3149
3147
3147
3147
3145
3144
3143
3143
3137
3136
3136
3136
3135
3134
3134
3133
3133
3132
3130
3128
3127
3127
3127
3126
3126
3120
3120
3120
3119
3119
3119
3112
3110
3109
3107
3103
3099
3098
3095
3095
3093
3093
3092
3091
3091
3087
3085
3083
3083
3082
3082
3082
3081
3080
3077
3076
3075
3072
3071
3067
3067
3067
3066
3064
3064
3064
3062
3062
3061
3060
3059
3059
3054
3053
3053
3052
3051
3051
3049
3048
3048
3046
3046
3045
3040
3039
3039
3038
3037
3037
3036
3035
3032
3031
3031
3030
3030
3030
3025
3024
3023
3021
3021
3014
3012
3010
3009
3008
3007
3006
3002
3001
3001
3001
3000
2998
2995
2994
2993
2992
2988
2987
2986
2984
2983
2981
2981
2981
2981
2979
2979
2978
2977
2975
2974
2969
2966
2966
2964
2963
2963
2961
2959
2959
2957
2953
2951
2950
2947
2947
2945
2945
2945
2944
2943
2942
2937
2935
2935
2933
2932
2932
2931
2928
2928
2928
2927
2923
2921
2920
2920
2919
2918
2918
2917
2914
2913
2910
2910
2908
2908
2906
2906
2905
2898
2897
2895
2894
2894
2892
2890
2890
2888
2888
2885
2882
2880
2880
2878
2875
2875
2874
2874
2873
2872
2871
2870
2870
2870
2869
2869
2868
2867
2866
2865
2863
2862
2861
2860
2860
2860
2859
2858
2855
2854
2853
2853
2850
2850
2846
2844
2843
2843
2843
2842
2842
2841
2839
2834
2833
2830
2829
2826
2824
2822
2822
2821
2819
2817
2816
2816
2811
2811
2811
2810
2808
2808
2807
2806
2806
2806
2806
2804
2802
2802
2801
2800
2798
2798
2798
2796
2796
2795
2795
2793
2791
2791
2791
2790
2787
2784
2783
2783
2782
2782
2781
2781
2778
2777
2774
2772
2769
2768
2768
2767
2766
2766
2765
2764
2763
2763
2762
2761
2761
2761
2760
2759
2757
2755
2754
2752
2750
2749
2747
2746
2746
2744
2744
2743
2743
2741
2739
2738
2738
2738
2735
2735
2735
2735
2733
2732
2731
2728
2727
2725
2725
2724
2722
2719
2718
2717
2717
2715
2714
2713
2713
2711
2710
2708
2708
2706
2706
2706
2705
2705
2702
2699
2698
2698
2697
2695
2694
2693
2692
2691
2690
2690
2687
2687
2686
2685
2684
2683
2681
2679
2678
2677
2677
2677
2674
2674
2673
2673
2671
2669
2668
2668
2667
2666
2662
2662
2662
2661
2661
2659
2658
2658
2657
2656
2656
2656
2655
2655
2654
2652
2652
2652
2650
2650
2647
2646
2646
2645
2645
2644
2644
2644
2644
2643
2642
2642
2642
2640
2636
2635
2634
2634
2632
2628
2627
2627
2626
2625
2625
2624
2624
2623
2623
2622
2621
2620
2619
2619
2618
2618
2616
2615
2614
2613
2613
2611
2611
2609
2609
2608
2606
2604
2602
2602
2598
2598
2598
2598
2597
2594
2594
2594
2594
2593
2593
2590
2590
2589
2588
2587
2586
2586
2585
2584
2581
2580
2580
2579
2578
2577
2576
2574
2572
2571
2570
2570
2570
2570
2569
2567
2567
2562
2562
2562
2562
2561
2560
2557
2557
2557
2555
2554
2553
2551
2550
2549
2548
2548
2547
2547
2544
2543
2543
2543
2543
2542
2542
2540
2539
2538
2537
2536
2536
2536
2536
2534
2533
2532
2530
2529
2528
2525
2524
2523
2522
2521
2520
2520
2520
2517
2515
2512
2511
2508
2500
2499
2497
2497
2496
2496
2495
2494
2494
2493
2490
2488
2487
2487
2486
2486
2485
2485
2483
2483
2483
2481
2480
2480
2479
2477
2475
2474
2473
2473
2468
2466
2464
2463
2461
2460
2459
2459
2457
2457
2457
2457
2455
2454
2453
2453
2452
2451
2450
2450
2450
2447
2447
2442
2441
2439
2438
2436
2435
2433
2432
2431
2430
2429
2429
2428
2425
2423
2422
2422
2422
2421
2420
2420
2420
2418
2418
2417
2413
2412
2409
2409
2409
2407
2407
2407
2407
2406
2406
2406
2406
2404
2403
2402
2401
2401
2400
2397
2397
2396
2391
2391
2391
2391
2391
2390
2390
2389
2386
2384
2384
2383
2383
2381
2380
2378
2377
2376
2376
2374
2372
2372
2371
2369
2369
2369
2365
2364
2362
2362
2360
2358
2357
2357
2357
2352
2352
2350
2347
2347
2345
2345
2345
2345
2344
2343
2343
2343
2343
2341
2341
2341
2339
2337
2336
2335
2332
2332
2332
2330
2330
2329
2328
2328
2327
2323
2323
2321
2321
2321
2319
2318
2316
2315
2315
2314
2314
2313
2308
2307
2307
2305
2305
2304
2304
2304
2304
2302
2301
2301
2301
2300
2300
2299
2297
2295
2293
2293
2291
2290
2285
2284
2282
2282
2281
2279
2279
2279
2277
2275
2274
2272
2272
2271
2270
2269
2268
2267
2266
2266
2264
2264
2263
2263
2261
2259
2258
2258
2256
2256
2255
2253
2252
2251
2250
2249
2247
2246
2245
2245
2244
2243
2242
2242
2242
2240
2239
2239
2238
2236
2235
2233
2233
2232
2232
2232
2229
2228
2226
2226
2225
2224
2224
2223
2222
2221
2220
2219
2219
2217
2217
2216
2215
2214
2214
2213
2211
2209
2209
2208
2208
2207
2207
2207
2204
2203
2203
2202
2199
2198
2198
2198
2195
2194
2192
2192
2192
2191
2191
2190
2190
2189
2186
2186
2186
2186
2185
2185
2184
2184
2184
2184
2183
2183
2183
2183
2182
2182
2181
2180
2179
2179
2178
2174
2174
2174
2174
2173
2173
2171
2169
2168
2167
2166
2165
2165
2162
2162
2162
2161
2161
2161
2161
2160
2160
2160
2159
2158
2158
2157
2157
2157
2156
2155
2152
2151
2150
2150
2149
2148
2148
2146
2146
2145
2144
2143
2143
2143
2142
2142
2142
2141
2137
2134
2131
2131
2130
2129
2127
2126
2126
2125
2124
2123
2122
2122
2121
2121
2120
2119
2119
2118
2117
2117
2116
2115
2113
2112
2111
2111
2110
2107
2107
2107
2107
2107
2106
2105
2105
2104
2103
2103
2103
2103
2102
2102
2102
2102
2101
2101
2099
2097
2096
2095
2094
2094
2093
2091
2091
2090
2089
2086
2086
2086
2086
2085
2082
2082
2082
2081
2081
2080
2080
2080
2079
2079
2077
2076
2076
2075
2075
2074
2073
2072
2072
2072
2072
2071
2069
2068
2068
2067
2067
2066
2066
2065
2064
2064
2063
2063
2061
2060
2058
2055
2053
2053
2051
2050
2050
2050
2050
2050
2049
2047
2045
2045
2045
2044
2044
2044
2044
2043
2042
2041
2040
2040
2039
2039
2035
2034
2034
2033
2033
2032
2030
2027
2026
2025
2025
2024
2023
2023
2022
2020
2020
2020
2020
2019
2018
2018
2017
2017
2017
2017
2015
2014
2014
2014
2013
2010
2010
2010
2010
2008
2008
2006
2006
2006
2006
2006
2005
2003
2002
2002
2002
1997
1996
1996
1994
1994
1993
1992
1992
1990
1990
1990
1990
1989
1988
1988
1988
1984
1984
1983
1982
1981
1981
1980
1979
1979
1979
1978
1978
1977
1977
1975
1975
1975
1975
1972
1971
1971
1971
1971
1971
1970
1967
1967
1967
1966
1965
1963
1961
1960
1957
1957
1957
1957
1956
1954
1953
1951
1951
1950
1949
1947
1940
1939
1937
1936
1936
1936
1934
1934
1934
1933
1933
1933
1932
1932
1931
1931
1930
1929
1928
1926
1926
1925
1925
1924
1923
1922
1922
1920
1920
1919
1918
1918
1918
1917
1916
1916
1915
1915
1915
1914
1914
1912
1912
1912
1912
1911
1911
1911
1911
1910
1910
1910
1908
1907
1906
1905
1905
1905
1904
1904
1903
1901
1900
1900
1899
1897
1895
1895
1895
1894
1892
1892
1890
1889
1889
1889
1888
1888
1887
1886
1884
1883
1883
1881
1881
1881
1881
1879
1878
1877
1876
1876
1874
1873
1873
1872
1872
1872
1872
1872
1872
1871
1871
1869
1868
1866
1865
1864
1864
1862
1860
1859
1859
1858
1858
1857
1856
1856
1855
1855
1854
1852
1849
1849
1848
1847
1847
1844
1843
1843
1843
1842
1840
1840
1839
1838
1838
1837
1835
1832
1832
1831
1831
1831
1830
1830
1829
1829
1828
1827
1827
1827
1826
1826
1825
1823
1823
1823
1822
1821
1821
1821
1819
1814
1813
1812
1812
1812
1811
1811
1810
1809
1807
1804
1804
1803
1802
1801
1801
1799
1799
1795
1794
1793
1792
1791
1791
1790
1790
1790
1789
1789
1789
1787
1786
1785
1785
1785
1784
1781
1778
1777
1776
1775
1773
1773
1772
1770
1769
1769
1769
1768
1766
1765
1765
1765
1764
1763
1762
1762
1762
1760
1760
1759
1758
1758
1757
1757
1757
1755
1753
1752
1751
1749
1749
1748
1747
1746
1744
1744
1744
1742
1742
1741
1739
1738
1737
1736
1736
1736
1731
1731
1731
1729
1728
1727
1726
1726
1724
1724
1723
1722
1720
1719
1719
1719
1718
1718
1718
1717
1717
1716
1716
1716
1715
1715
1714
1714
1714
1713
1713
1712
1711
1710
1710
1710
1708
1708
1707
1707
1705
1703
1703
1702
1702
1701
1701
1701
1700
1700
1700
1699
1699
1698
1698
1698
1697
1697
1697
1696
1695
1695
1693
1691
1691
1691
1691
1690
1690
1689
1688
1688
1687
1686
1685
1685
1685
1683
1683
1683
1683
1683
1681
1681
1680
1679
1679
1678
1676
1676
1676
1676
1676
1676
1674
1674
1673
1673
1673
1672
1672
1672
1672
1672
1670
1669
1667
1667
1665
1665
1665
1664
1664
1663
1663
1662
1662
1661
1659
1659
1658
1658
1657
1655
1654
1654
1654
1653
1652
1648
1648
1648
1648
1645
1645
1644
1644
1643
1643
1640
1639
1639
1639
1639
1638
1637
1635
1635
1634
1634
1633
1630
1629
1628
1628
1628
1628
1627
1627
1626
1626
1625
1625
1624
1623
1622
1622
1621
1620
1619
1618
1618
1617
1617
1615
1615
1615
1613
1613
1613
1613
1612
1611
1610
1610
1610
1608
1608
1607
1606
1606
1605
1603
1603
1602
1601
1601
1600
1600
1598
1598
1597
1597
1597
1595
1594
1594
1594
1593
1593
1592
1591
1589
1589
1589
1589
1588
1588
1587
1586
1585
1584
1584
1582
1582
1582
1581
1580
1579
1579
1577
1577
1576
1575
1572
1571
1570
1569
1568
1567
1567
1566
1565
1564
1563
1563
1562
1561
1561
1561
1560
1559
1558
1558
1556
1556
1556
1555
1554
1554
1554
1553
1553
1553
1553
1553
1552
1552
1551
1551
1550
1549
1549
1548
1548
1547
1546
1545
1545
1545
1544
1544
1544
1543
1543
1542
1542
1541
1541
1535
1535
1535
1535
1534
1533
1533
1532
1531
1531
1530
1530
1529
1529
1528
1528
1527
1527
1525
1525
1524
1523
1523
1522
1522
1521
1520
1520
1520
1518
1518
1518
1517
1517
1516
1516
1515
1515
1514
1514
1513
1513
1513
1512
1511
1510
1510
1508
1507
1507
1507
1507
1506
1505
1505
1505
1503
1503
1503
1502
1501
1498
1497
1496
1495
1494
1493
1493
1493
1492
1492
1491
1491
1491
1490
1489
1489
1486
1486
1486
1486
1485
1482
1480
1480
1478
1477
1477
1477
1476
1476
1474
1474
1473
1473
1473
1472
1471
1471
1471
1470
1470
1470
1469
1468
1468
1467
1467
1467
1466
1464
1464
1464
1464
1464
1463
1463
1462
1461
1461
1460
1459
1459
1458
1457
1457
1456
1456
1455
1455
1453
1453
1451
1451
1450
1449
1448
1448
1447
1447
1447
1446
1446
1446
1445
1445
1445
1444
1443
1443
1443
1440
1439
1439
1439
1439
1438
1438
1437
1437
1437
1436
1436
1436
1435
1434
1434
1432
1432
1431
1431
1430
1429
1429
1427
1426
1425
1425
1425
1424
1424
1423
1423
1421
1421
1421
1420
1419
1419
1419
1418
1417
1416
1414
1413
1413
1412
1410
1410
1409
1408
1408
1408
1408
1407
1406
1406
1406
1406
1405
1405
1405
1405
1405
1404
1404
1402
1400
1399
1398
1398
1398
1397
1396
1396
1395
1394
1394
1393
1392
1392
1391
1391
1391
1391
1390
1389
1389
1389
1388
1388
1386
1386
1384
1383
1381
1380
1380
1380
1379
1379
1378
1378
1378
1378
1377
1375
1374
1374
1374
1373
1373
1372
1372
1371
1370
1370
1369
1369
1369
1369
1369
1369
1368
1368
1367
1366
1365
1365
1364
1363
1362
1362
1361
1361
1361
1360
1360
1359
1358
1358
1357
1357
1356
1354
1354
1353
1352
1352
1351
1351
1351
1351
1350
1350
1350
1350
1349
1347
1346
1346
1345
1345
1345
1345
1345
1345
1344
1344
1343
1342
1342
1342
1341
1340
1340
1339
1339
1338
1338
1337
1337
1336
1336
1336
1334
1334
1333
1331
1331
1331
1330
1329
1328
1328
1327
1326
1326
1325
1325
1325
1325
1324
1324
1323
1322
1322
1322
1321
1321
1320
1320
1319
1319
1319
1318
1317
1316
1316
1314
1312
1312
1312
1312
1312
1311
1310
1309
1309
1309
1308
1308
1308
1308
1307
1307
1307
1306
1306
1305
1304
1304
1304
1303
1303
1303
1302
1301
1301
1301
1300
1300
1299
1299
1298
1297
1297
1296
1296
1295
1294
1294
1293
1293
1292
1292
1292
1292
1291
1291
1290
1290
1290
1289
1289
1289
1289
1288
1288
1286
1285
1285
1284
1284
1284
1283
1281
1281
1281
1281
1277
1277
1277
1277
1276
1275
1275
1274
1274
1274
1274
1273
1273
1270
1270
1269
1269
1268
1268
1268
1267
1267
1267
1265
1265
1265
1265
1265
1265
1264
1262
1262
1259
1259
1259
1258
1258
1257
1257
1257
1255
1254
1254
1254
1253
1252
1251
1251
1251
1250
1250
1249
1249
1248
1248
1247
1246
1245
1245
1245
1245
1244
1244
1243
1243
1243
1242
1242
1242
1242
1241
1241
1241
1241
1240
1240
1240
1239
1238
1238
1237
1237
1236
1235
1233
1232
1232
1231
1231
1231
1231
1230
1229
1229
1229
1228
1227
1227
1227
1226
1226
1226
1225
1224
1223
1222
1222
1220
1218
1217
1217
1217
1217
1215
1215
1215
1215
1215
1214
1213
1213
1212
1211
1211
1210
1209
1209
1208
1207
1206
1206
1206
1205
1205
1203
1203
1202
1202
1202
1202
1202
1201
1201
1201
1201
1201
1200
1200
1200
1199
1199
1198
1197
1197
1197
1196
1196
1195
1193
1193
1193
1192
1191
1191
1191
1189
1189
1189
1188
1188
1188
1188
1187
1186
1186
1186
1186
1185
1184
1184
1183
1182
1182
1181
1180
1180
1180
1177
1176
1176
1176
1175
1174
1173
1173
1173
1173
1173
1173
1172
1172
1172
1171
1170
1168
1168
1168
1167
1167
1166
1165
1164
1163
1163
1162
1161
1160
1160
1159
1158
1156
1155
1154
1152
1152
1151
1150
1150
1150
1148
1148
1148
1147
1147
1147
1147
1147
1146
1146
1145
1145
1144
1144
1142
1142
1141
1141
1141
1139
1139
1139
1139
1138
1138
1137
1136
1136
1135
1135
1133
1132
1132
1131
1131
1130
1129
1129
1129
1128
1128
1127
1127
1127
1127
1127
1127
1127
1127
1126
1126
1124
1123
1122
1122
1122
1122
1120
1120
1120
1119
1118
1117
1116
1115
1115
1115
1114
1114
1114
1113
1113
1113
1111
1110
1110
1109
1108
1108
1106
1106
1106
1106
1106
1106
1106
1105
1104
1104
1104
1104
1103
1103
1101
1101
1100
1099
1098
1098
1098
1097
1096
1096
1095
1094
1093
1093
1092
1092
1091
1091
1090
1090
1089
1089
1088
1088
1088
1088
1087
1085
1085
1084
1083
1083
1082
1081
1081
1081
1080
1080
1080
1080
1078
1078
1077
1076
1075
1074
1074
1072
1071
1071
1071
1070
1070
1070
1070
1070
1068
1067
1067
1067
1066
1066
1066
1066
1065
1063
1060
1060
1059
1059
1056
1056
1056
1055
1055
1055
1054
1054
1053
1053
1053
1052
1051
1051
1050
1049
1046
1044
1043
1043
1042
1041
1041
1041
1040
1039
1039
1038
1038
1037
1036
1036
1036
1035
1035
1034
1034
1033
1033
1033
1032
1032
1032
1032
1031
1031
1030
1029
1029
1028
1028
1028
1027
1026
1026
1026
1025
1025
1024
1024
1022
1022
1021
1021
1021
1020
1020
1020
1019
1019
1019
1018
1017
1017
1016
1016
1015
1015
1015
1014
1014
1013
1013
1012
1012
1011
1011
1011
1010
1010
1009
1009
1008
1008
1007
1006
1006
1006
1006
1005
1004
1004
1004
1003
1001
1001
999
998
998
997
997
996
996
995
995
994
993
993
992
992
991
990
990
989
988
987
986
984
983
983
983
982
982
981
980
978
978
978
978
977
977
977
977
976
976
975
975
975
974
974
973
973
972
972
972
971
971
970
969
969
969
969
968
968
968
967
967
966
965
964
964
963
963
963
962
961
961
961
961
961
961
961
960
959
958
957
957
956
956
956
956
955
955
954
952
951
951
950
949
948
947
947
946
946
946
945
945
945
945
945
945
944
943
942
941
940
940
940
939
939
939
939
939
938
937
937
937
937
936
936
935
935
935
935
934
934
934
934
932
932
932
931
931
930
929
929
929
928
927
927
926
926
925
925
924
924
923
923
923
923
923
923
922
920
919
919
918
918
918
918
917
917
916
915
915
914
914
914
914
912
912
912
912
911
911
911
911
910
910
910
909
909
908
907
906
906
905
905
903
902
901
900
900
900
899
899
899
899
898
898
898
897
897
897
896
896
896
896
895
895
894
894
894
893
893
892
892
892
892
890
890
889
889
889
889
888
887
886
886
886
886
885
885
885
884
884
884
883
883
882
881
880
879
879
878
878
878
877
876
876
875
875
874
873
873
873
872
872
871
870
869
868
867
867
867
867
866
866
865
864
863
863
863
863
862
862
862
861
860
860
860
860
859
859
858
858
858
856
855
855
854
854
854
853
852
852
851
850
850
850
850
850
849
849
849
848
848
847
846
845
844
844
843
843
843
843
843
843
843
843
843
842
841
840
840
840
839
839
838
837
837
835
835
835
835
835
834
834
834
832
832
832
832
831
831
830
830
830
830
829
829
829
828
827
826
825
825
824
823
823
823
823
822
821
820
820
820
819
819
819
818
818
818
816
816
816
815
815
815
815
815
814
814
814
813
812
812
811
811
810
810
809
809
808
808
808
807
807
806
806
806
806
804
804
802
801
801
800
800
800
800
800
799
799
798
798
798
798
797
796
796
795
795
795
795
795
794
792
792
791
791
790
789
789
789
789
789
788
787
787
785
784
784
783
783
782
782
781
781
780
780
780
780
779
779
779
778
778
776
775
775
774
774
773
773
772
772
772
772
771
771
770
770
770
770
769
769
769
769
768
768
767
767
767
765
765
764
763
763
763
763
762
762
762
761
761
761
761
760
760
760
760
759
759
758
758
757
757
756
756
755
755
755
754
754
753
753
753
751
751
751
751
750
748
748
747
747
747
747
746
746
745
745
745
743
743
742
741
741
740
740
740
740
738
738
738
738
737
736
733
733
732
732
732
732
732
731
731
731
731
730
730
729
729
729
729
727
727
727
726
726
726
726
724
724
723
722
722
722
722
722
721
721
721
721
721
720
720
720
719
719
719
719
719
718
718
718
718
716
716
716
714
714
713
713
713
713
712
712
712
712
711
711
711
711
711
710
710
710
707
707
707
706
705
705
704
704
704
703
703
702
701
701
698
698
698
697
697
697
695
695
694
694
694
693
693
693
692
692
690
690
689
689
689
689
688
687
686
685
685
685
685
684
684
684
683
683
682
682
682
681
679
679
679
678
677
677
676
676
676
676
676
675
675
674
673
673
673
671
671
669
669
669
669
669
669
669
668
668
667
667
666
666
666
665
664
664
663
663
663
662
662
661
660
660
659
659
658
658
658
658
657
656
656
655
655
655
655
654
654
654
653
653
653
652
652
652
650
650
650
650
650
650
649
648
647
647
646
645
645
644
644
644
644
641
641
640
640
639
639
639
638
638
638
637
637
636
635
635
635
634
633
633
633
632
631
631
631
631
631
630
630
629
628
628
628
628
627
627
627
626
626
626
626
625
625
624
624
624
623
623
623
623
622
621
621
620
617
617
617
617
616
615
615
614
614
614
614
614
613
612
612
612
612
611
611
611
611
611
610
609
608
608
608
607
606
606
606
606
605
604
602
601
601
601
601
599
599
599
599
599
598
598
598
597
597
596
596
596
595
595
594
594
594
594
593
593
593
592
591
591
591
591
591
590
590
589
589
589
588
588
587
587
587
587
586
586
586
585
584
584
583
583
583
582
582
582
581
581
581
579
579
579
577
577
577
576
576
576
575
575
575
572
572
572
572
572
572
571
571
571
571
569
568
568
568
567
567
567
566
566
566
566
566
565
564
564
564
564
564
563
563
563
563
563
563
562
562
562
561
561
560
559
558
558
558
558
558
558
558
557
557
557
557
557
556
556
555
555
555
554
553
553
553
553
552
552
552
552
551
551
550
550
549
549
549
549
548
548
548
548
548
546
546
546
546
545
545
544
544
544
543
543
543
542
542
541
541
541
541
540
539
539
539
539
539
538
538
537
537
537
537
536
535
534
534
533
533
533
533
533
531
530
530
530
530
529
529
529
529
528
528
528
527
527
527
526
526
525
525
525
525
525
524
524
524
522
522
522
521
520
520
520
519
517
516
516
516
516
516
515
515
514
514
514
514
514
513
513
512
512
512
512
511
511
511
510
509
509
509
507
507
506
506
505
505
504
504
504
504
503
503
502
501
499
499
499
498
498
497
497
497
497
495
494
494
494
493
493
493
493
493
492
492
492
491
491
490
489
488
488
487
487
487
487
487
486
485
485
485
484
484
483
483
483
483
482
482
482
482
482
481
481
480
479
479
478
478
478
478
478
477
477
475
475
474
473
472
472
471
471
471
469
467
466
465
465
465
464
463
462
461
461
461
459
458
457
457
457
457
456
456
456
455
455
455
455
455
454
452
452
451
451
451
450
450
449
449
449
449
448
448
448
448
447
446
445
444
443
443
443
442
441
441
440
439
439
439
438
438
438
435
434
434
433
433
433
432
432
432
431
431
431
431
430
430
430
428
425
425
425
424
424
424
423
423
421
420
420
420
420
420
419
418
418
418
417
417
417
417
416
416
416
413
413
413
413
412
412
412
412
411
410
409
409
409
408
406
406
406
405
405
405
405
404
404
404
404
403
403
403
402
402
402
402
401
401
401
400
398
398
397
397
397
397
396
396
396
395
395
395
393
393
393
393
393
393
392
392
392
392
391
391
391
391
389
388
388
387
387
387
386
386
385
385
385
385
384
383
383
382
382
381
379
379
379
378
378
378
378
377
377
376
376
375
375
374
374
374
373
373
372
372
372
372
372
371
371
370
369
369
368
367
367
366
366
366
366
366
366
366
366
365
365
364
364
364
363
363
361
361
360
359
359
359
359
358
358
358
358
358
357
356
356
355
354
352
352
351
351
351
351
350
350
349
349
348
348
348
348
348
346
346
345
345
344
344
344
343
343
343
342
341
341
341
341
341
340
340
340
340
339
339
339
339
339
339
338
338
338
338
336
335
335
334
333
331
331
331
330
330
329
329
328
327
326
326
326
326
326
325
325
325
325
322
322
320
320
319
319
318
318
318
317
317
317
316
315
315
315
314
313
313
312
312
311
310
310
310
310
310
309
308
308
307
307
307
307
306
306
305
305
305
304
303
303
301
301
301
300
300
299
299
299
298
297
297
296
296
295
295
295
293
293
292
292
291
291
291
290
289
288
288
287
287
287
286
286
286
286
286
286
286
284
282
282
281
280
279
279
278
276
275
274
274
273
273
273
273
272
272
272
271
271
270
270
269
268
268
268
268
267
267
267
266
265
264
264
264
263
263
262
262
261
260
259
258
258
257
256
256
255
255
255
254
252
252
252
252
251
251
251
250
250
249
247
247
247
247
246
246
246
245
245
245
244
243
243
243
243
243
242
242
241
241
241
240
240
240
240
239
239
238
238
238
238
238
237
237
236
235
234
234
233
233
232
232
232
231
230
229
229
228
228
228
228
228
227
227
226
226
226
225
224
224
224
224
223
223
221
220
220
219
218
218
218
217
217
217
216
216
216
215
215
215
214
214
214
214
213
213
212
212
212
211
211
210
207
206
206
202
201
201
201
201
201
199
199
199
199
198
198
198
198
198
197
195
195
194
193
193
193
192
192
192
192
191
191
191
190
190
189
189
188
188
188
188
188
187
187
187
186
186
185
184
184
182
182
182
182
182
182
181
181
181
181
179
177
176
176
175
175
175
174
173
173
172
171
171
170
169
169
169
168
168
168
168
168
168
168
167
167
166
166
165
165
164
163
162
162
161
161
159
158
158
157
156
155
153
152
152
152
149
149
148
148
148
146
142
142
141
140
140
139
139
139
137
137
135
134
133
133
133
133
133
132
131
131
131
131
130
130
130
128
128
126
126
126
122
121
121
121
121
120
120
120
119
119
118
117
117
116
116
114
114
113
113
113
112
112
112
111
111
110
109
108
108
108
107
107
107
107
106
105
104
104
104
104
104
104
104
102
101
100
99
99
98
97
93
93
93
92
92
92
92
90
89
88
88
88
87
86
85
84
83
83
82
81
81
80
80
80
79
78
78
77
76
75
75
75
73
72
72
71
68
67
64
62
62
58
57
56
53
53
50
50
48
47
41
39
34
30