9272740
3724844
2691185
2295638
1952356
1538681
1537272
1475213
1475183
1263979
1194034
1082159
971882
961286
839310
810157
797980
740822
720780
719474
704989
622890
599814
578112
577513
535664
518594
514865
502784
487850
483480
481732
478146
477118
465699
464811
452563
432348
429508
423894
422542
420748
418686
413954
406735
406586
404152
401138
395479
381051
380868
377598
374765
374468
370884
364154
360310
351829
350745
350237
340973
340386
339605
337498
337190
336154
335444
319435
315814
311031
306508
304552
297631
294247
293409
287648
280033
279886
275133
274656
270783
268800
268517
267435
265979
265904
260274
258554
258227
255439
253832
248399
247034
243293
239348
237518
236372
232922
232709
231257
229061
228552
226963
225714
225196
224903
219807
208814
206230
200012
198742
197422
196987
196883
196403
195633
194911
194086
193717
193152
193125
192907
190005
186936
186283
186109
185054
184678
184140
182436
177411
176295
174742
174373
173019
172739
172737
172125
171938
169429
169327
167990
167909
167378
167210
166760
165029
164024
163863
162122
159879
159211
158114
156827
156375
155689
153583
152405
152311