8555500
1742000
1500800
1498300
1398400
1386100
1277700
1202900
1173600
1158100
962800
887600
827000
778000
766400
762200
761700
743200
730800
722800
708100
690600
688800
682200
652100
649800
642100
607500
605000
585400
565300
562300
527700
524700
520800
517200
479900
449600
447300
440800
412800
397700
397100
391200
388000
368000
357600
352100
351300
349700
328900
324800
317000
307300
300500
295800
292400
281600
281100
280300
279000
274100
261800
259200
255800
240100
238800
238300
232100
227300
221200
220800
216700
216400
207600
200100
192900
192500
191700
186700
184300
184000
172400
171400
170700
169700
168900
164200
161600
156500
149700
148800
148300
143500
142500
142400
141300
140000
134600
134000
132000
131600
129500
129300
127600
126900
126000
124000
123400
122800
122700
119800
113300
113300
112400
108000
107300
105400
104500
103700
103400
102200
101400