5195247
2166554
1835300
993642
762719
703421
618278
612257
532089
510300
500183
433030
407756
369894
363382
352735
350280
329639
312775
310839
259315
250951
239124
206537
189191
186856
184674
170936
163604
158977
157181
156122
151515
147167
146051
142363
141897
141724
139445
134773
132393
128900
127513
125645
124313
121065
119711
119402
111435
111245
109576
108136
107069
105127
105075
104682
104049
103843
103332
101281
95365
89861
89595
85250
83651
83218
82865
82314
82072
81558
79387
77972
76565
74326
73569
70756
69931
69719
69366
69230
69035
68566
67226
65966
65437
64924
64733
64280
63994
63147
62817
61511
59918
59196
58612
58369
56129
55054
54810
54229
54206
53597
53226
53050
52629
52448
52442
51959
49909
49906
49725
49310
48329
46954
46943
46904
46479
46062
45985
45892
45820
44828
44823
44309
44308
44248
44136
42925
42610
42415
42064
42045
41972
41038
40767
40677
40382
40249
40048
