1753977
765320
696503
637683
540372
463754
404878
353938
340466
298111
296628
246991
226225
215020
205873
202521
197704
182156
175459
187422
169617
172993
172030
139125
139252
139330
128351
121802
121191
121295
123995
118722
114568
112483
110110
109398
107680
102249
100718
95964
91935
92473
89883
83993
80524
75342
74694
77020
73968
74592
73154
73987
70554
72526
69137
67905
68477
68292
69626
66265
63734
63601
64648
62400
62154
64159
62088
62802
62013
60504
60276
61229
58326
57959
57555
61074
56929
60866
57303
55954
55404
52337
54137
50644
49939
50274
48408
50039
48573
48167
47595
48327
46449
46583
46565
46289
46463
48095
44718
44474
44383
44912
42698
42762
47092
40504
41115
40362
39885
40004
39258
38972
39167
38217
38652
38272
40114
38848
38048
40383
37291
36849
38618
36971
36292
37254
36122
37366
35713
34985
35102
35378
35631
33785
33248
33090
33412
32078
33108
32157
31089
31662
32773
30357
30413
30893
31149
30373
29947
30048
29642
28811
31375
29143
29984
30593
27480
34784
27903
27395
28329
27493
28625
28548
27305
30106
27066
26506
31687
26188
25817
25974
25749
26295
25980
25437
23817
24001
24000
24368
23993
23975
23473
24317
23922
22973
22636
23847
22396
22901
22731
22579
22704
22196
22525
22220
21635
22279
22130
22917
21926
21402
22427
21131
21368
22010
21715
21477
21355
24630
20731
20533
21380
19991
19712
19522
19300
22442
19472
19809
20007
20142
22459
19645
18732
19063
18980
18718
20572
20362
18741
18185
18412
17715