201470
58015
54837
71838
71369
80201
67948
62460
95194
55406
112793
112911
100231
81830
57724
91319
53012
333740
143472
1126927
117805
145132
67870
198826
51354
198579
82513
357385
54715
239695
560982
81924
74660
78723
154499
68731
59782
345810
75569
80838
114202
117546
87587
88963
55470
52306
129073
59019
355026
67810
111223
73094
49845
50710
92201
260955
84340
65059
111782
82340
148290
52560
50057
112501
75220
80325
480250
61055
51403
53402
122064
66486
64961
52254
120622
107818
603080
143507
73342
58067
71681
88337
83765
59005
90472
53920
85520
72764
89316
92240
100147
62502
124475
168698
147225
53373
58162
56668
286989
50442
50778
493623
458175
103745
57546
565161
56750
8754710
64014
71874
222933
56701
65725
115166
537820
79921
64286
175814
180465
50850
77414
279534
130086
66150
225740
193821
302029
87243
101695
168270
65791
76680
171349
241124
157880
245360
98847
97532
226133
82544
108912
66364
110113
56898
59365
72690
61358
137062
112072
61082
81997
535782
50422
72704
51469
161055
51150
125378
266391
180596
92937
75592
69300
86125
92622
103901
108698
83505
273219
63323
175079
108219
182361
189307
74272
61618
146010
50069
68082
102299
60509
69024
67152
170148
67019
139847
51003
51320
75939
86788
54911
62722
105629
52366
106034
213953
102742
112332
62487
160698