122225
197633
559277
155810
120443
199582
351043
298192
120782
110898
392772
230050
117453
123371
472522
197081
361710
201110
947890
376380
614664
227715
118299
141400
121240
110323
212157
223154
673184
108090
120000
145936
107403
183823
256902
104447
110651
179804
113952
133351
162320
131127
109932
247477
134385
842051
177571
237940
2704958
267172
298800
150287
114361
385809
106583
112141
465101
110000
134309
120612
860090
197485
128726
130059
166785
325733
112822
1317929
106472
102612
101871
140489
133808
693060
215472
672795
113267
263016
129500
101996
103768
112123
128640
169743
115807
683080
130000
151613
166575
119477
109043
114756
120762
204759
209665
164207
178752
264488
854113
233136
522053
163656
140721
131591
174858
234943
237133
200831
245895
190682
196445
103990
105139
287027
111523
135410
123243
158937
292969
236387
115000
111223
105164
151998
351792
2303482
200652
193079
117030
855164
110654
266122
238289
169148
880619
264152
148262
103541
481420
151709
127514
143400
186239
127626
106420
154393
160106
116020
257156
101759
632912
102010
105000
104659
318449
280364
198541
470130
3976322
616261
110558
252506
152555
252551
110506
142212
172298
652717
484587
143736
139700
453579
113058
134610
595047
413651
138449
192904
212175
200022
205499
131947
111674
147122
660388
281764
129934
391495
181825
8537673
245115
122180
109298
238702
106178
420005
175464
117871
638367
135473
446970
173212
140504
277173
188966
207906
110104
157356
248000
153351
142059
147000
113570
168587
114265
164173
1567872
1615017
303625
286057
152494
109393
639863
185132
179219
116868
110291
458880
176534
245255
100953
103314
113347
109813
223170
324722
208880
114011
147651
132671
120892
495234
167419
157218
193744
100702
1492510
216239
109592
1406630
105703
870887
1025350
103959
334217
125948
181972
106290
175155
146763
246645
704352
194920
126327
174360
101735
215973
154074
167319
115715
110000
215000
311404
302398
260999
129113
132427
307072
152771
212000
132677
143378
211277
190894
377165
113054
182498
115000
136703
128888
278508
126808
147195
530706
403090
104798
121299
174826
122265
452602
131074
101659
134432
135125
681170
108272
107847
113699
113875
108161
136574
389902
104724
117525
242203
184508
200807